132400
334828
788197
798749
869736
1212985
1399654
1404712
1404820
1409483
1415080
1430890
1433393
1443296
1448249
1469925
1512912
1518317
1538537
1543314
1556360
1583916
1625090
1641432
1642527
1644504
1660445
1717096
1745618
1746796
1763540
1863178
1885630
1888252
1910346
1913496
1924938
1992718
2043013
2055765
2060434
2061054
2064094
2110992
2121054
2145228
2191900
2200446
2211132
2217919
2257154
2267808
2292924
2305917
2320247
2402159
2477931
2495778
2498527
2498970
2605905
2646803
2649753
2702322
2721970
2737781
2768176
2922664
2976049
3058072
3060449
3082021
3090378
3094373
3122708
3130422
3150190
3287444
3301745
3316330
3329426
3329427
3381183
3448824
3463749
3497604
3525467
3525784
3532772
3534067
3552517
3575228
3678368
3801078
3890231
3895754
4001168
4056670
4083231
5409799
6102059
6193763
6219370
6260128
6348959
6370948
6393392
6394123
6407426
6434597
6435162
6460445
6503327
6603042
6621320
6662119
6751591
6977995
7296358
7312232
7364395
7447536
7481209
7495605
7528957
7536479
7557934
7559277
7560709
7565562
7572958
7586464
7591371
7600797
7610641
7637404
7644449
7646265
7671865
7684526
7700288
7722546
7729135
7739275
7742573
7747150
7748586
7760578
7769771
7823650
7828127
7859443
7882101
7892923
7903730
7920877
7923655
7924492
7934656
7943477
7955238
7955603
7960468
7979836
7999732
8018003
8036532
8044946
8047518
8056953
8059777
8059883
8059887
8063462
8084356
8117483
8161727
8167537
8201646
8203989
8232056
8245806
8272984
8292638
8296695
8309263
8323590
8328615
8340558
8352417
8379801
8392832
8398226
8409251
8414009
8421364
8422203
8423966
8429854
8444432
8486888
8487447
8487449
8490286
8492586
8500083
8510387
8515416
8522910
8526702
8598949
8607926
8609682
8613711
8625239
8632686
8642819
8643816
8659497
8663855
8675435
8703185
8708301
8711786
8734656
8739740
8750526
8768411
8768919
8776294
8796686
8815852
8843927
8845997
8847771
8855651
8873955
8879678
8888324
8898796
8920312
8930437
8948290
8954440
8996482
9009944
9014975
9018214
9031012
9046554
9051045
9059432
9062137
9068458
9160065
9168413
9168681
9178788
9186074
9203755
9214401
9216581
9228914
9230650
9231946
9236972
9240104
9264582
9266872
9267555
9279036
9307348
9323395
9325493
9339783
9341307
9351167
9361655
9366700
9375478
9390537
9399116
9401890
9406260
9418626
9422068
9424065
9425858
9432988
9440187
9449594
9491059
9512279
9540264
9555773
9563919
9568496
9583320
9588603
9588924
9589235
9592924
9594948
9595903
9598505
9601113
9609422
9617175
9625171
9625402
9653601
9659630
9662590
9674347
9674615
9679895
9679997
9690283
9695696
9695697
9707809
9720555
9721560
9722851
9724474
9736112
9738690
9770560
9777904
9791637
9802052
9806181
9808103
9809693
9809758
9815844
9832090
9843290
9852879
9874412
9926642
9926780
9928971
9973804
9988285
10029122
10052442
10080562
10080590
10106821
10106888
10124200
10124441
10125775
10126032
10129623
10131710
10133112
10133708
10139173
10141396
10142042
10146219
10152007
10153383
10161790
10164984
10169524
10170347
10170806
10171380
10175519
10179193
10180123
10180252
10180852
10182808
10185513
10186819
10187077
10199681
10201654
10203116
10208250
10227617
10300567
10304188
10308773
10309136
10309327
10309476
10309998
10310848
10312390
10313516
10313517
10313816
10317985
10321599
10338901
10345341
10350301
10351557
10357289
10358679
10361866
10366176
10366368
10378343
10387179
10401740
10413556
10414724
10424642
10432327
10433536
10484246
10484247
10484308
10498161
10509574
10512518
10521159
10536975
10537615
10538101
10538260
10538476
10538477
10565666
10593785
10599606
10605663
10608582
10632305
10634271
10639888
10645758
10647667
10659687
10662281
10681960
10685762
10718034
10718900
10732367
10736555
10736556
10736559
10752967
10777288
10778815
10788019
10791512
10800979
10803442
10805827
10808755
10815359
10843313
10856411
10864338
10866868
10901358
10902056
10916313
10920127
10964640
10967626
10977455
10985301
10994656
10999980
11015343
11015519
11018396
11018618
11037009
11042575
11066728
11074743
11074954
11077908
11083329
11096036
11113743
11113744
11115204
11132908
11133332
11134192
11183291
11184665
11184666
11189826
11201147
11219565
11233503
11242318
11243961
11244288
11248628
11277547
11288190
11300241
11318915
11357977
11362733
11363846
11371258
11374296
11382692
11384896
11394332
11396369
11416456
11417788
11418251
11424257
11436405
11438414
11441742
11448657
11448822
11454115
11455525
11482118
11494178
11519237
11529509
11530119
11555065
11555718
11559373
11560540
11567175
11569328
11573673
11606151
11606869
11652430
11656873
11665697
11666108
11679033
11685976
11688619
11699404
11700833
11716659
11716664
11717569
11724038
11726485
11739303
11762890
11773184
11781407
11793128
11794171
11802880
11803312
11811913
11813455
11818431
11828360
11840902
11841762
11844004
11846820
11867775
11871928
11874934
11877878
11879527
11892762
11914464
11918506
11920346
11925682
11943046
11958494
11961471
11966384
11978724
12008814
12015242
12021671
12028248
12028256
12039993
12045171
12048543
12053298
12055386
12071118
12075118
12078947
12084792
12088200
12096941
12115378
12131688
12134560
12138144
12140346
12144008
12144982
12145906
12152512
12181625
12196651
12196778
12213139
12218769
12219041
12229565
12237908
12239492
12262056
12266314
12267533
12289006
12289325
12290591
12317777
12318890
12340180
12344058
12360751
12362111
12377913
12378781
12378782
12382304
12389803
12401739
12403504
12407963
12409564
12413285
12418941
12420415
12431855
12453818
12456230
12473010
12482007
12492209
12498291
12514575
12518555
12525724
12528853
12536870
12546282
12547872
12548203
12555798
12558483
12572969
12578929
12586813
12588580
12588581
12597751
12599219
12615558
12618641
12619294
12631142
12648031
12650382
12661587
12716799
12719182
12720310
12721137
12733550
12734135
12767100
12773649
12773831
12774552
12784174
12785561
12791425
12792175
12807565
12807643
12810898
12831124
12865723
12866133
12867234
12875803
12878280
12908161
12911183
12915428
12918175
12924075
12952552
12957693
12968819
13508781
14501801
14507530
14511163
14523144
14557210
14567273
14582045
14583687
14591431
14593790
14596389
14596392
14597503
14665883
14668673
14677221
14682345
14687350
14691993
14693959
14695395
14699206
14699371
14716780
14720300
14728626
14730534
14734948
14734950
14736009
14752973
14757597
14770424
14964926
14965080
14965083
14970150
14999189
15006082
15009792
15032959
15035859
15049979
15064206
15073453
15078642
15080603
15109342
15117700
15149482
15158107
15167319
15167725
15182419
15189758
15233355
15252003
15253375
15257650
15297201
15302750
15304542
15323579
15328826
15354597
15376572
15387748
15451751
15454140
15459139
15484218
15503991
15506136
15507581
15511326
15516621
15520941
15545580
15548124
15555485
15571537
15585734
15596192
15597407
15598108
15602078
15608532
15615820
15618376
15626928
15626933
15643156
15651072
15653966
15655426
15661581
15671464
15673340
15687081
15692281
15693926
15704635
15704636
15704637
15704638
15711342
15713960
15732029
15742730
15755323
15758785
15758786
15762896
15769760
15769763
15778173
15778635
15785881
15788465
15802395
15807643
15855567
15859867
15861257
15868259
15871038
15879850
15882102
15883628
15884734
15894652
15901196
15901589
15932833
15936699
15942702
15943542
15960696
15967922
15970779
15983287
15986971
15987323
16033495
16046654
16080665
16082871
16088018
16092292
16107621
16107622
16116306
16116308
16116355
16117717
16129386
16148965
16153135
16178908
16183413
16183428
16188517
16192541
16193229
16226179
16228938
16244785
16255443
16256757
16257821
16273451
16274386
16288858
16292011
16296954
16299427
16310570
16311987
16316436
16317209
16330670
16366020
16368032
16382116
16382117
16402888
16410430
16424372
16430598
16432068
16432069
16434087
16438440
16476592
16477056
16501391
16510811
16544313
16551317
16570754
16581881
16582855
16583264
16595080
16638521
16638525
16641665
16672867
16686810
16704474
16707999
16711309
16720823
16738158
16753411
16760680
16765531
16774291
16783816
16792442
16814955
16826589
16829331
16837399
16846200
16860260
16865680
16870630
16893277
16909879
16910803
16913986
16923412
16932139
16941025
16950078
16963677
16983962
16988605
17000388
17001260
17002484
17015590
17015592
17018668
17030645
17046408
17053372
17055378
17061730
17061913
17077740
17083728
17088576
17089573
17097404
17098633
17099025
17101943
17105523
17116111
17116113
17135857
17136631
17188219
17192331
17199461
17210382
17221152
17224778
17227933
17239685
17250559
17254719
17257066
17261430
17290629
17296881
17297334
17302658
17309802
17320963
17327972
17330976
17356440
17380369
17382752
17388738
17391423
17404162
17408340
17436385
17438181
17456081
17461009
17462764
17463076
17468650
17471526
17475506
17481720
17481918
17485612
17496713
17504795
17507591
17509285
17514423
17515488
17518953
17544077
17544079
17544086
17557952
17567876
17572499
17581485
17588489
17596574
17601217
17604666
17610441
17612846
17628295
17667310
17675720
17689029
17691217
17699219
17699245
17718444
17719298
17719512
17720898
17722751
17761788
17763819
17850533
17875274
17877264
17882499
17893309
17893700
17911496
17916124
17919558
17920356
17923296
17971409
17971544
17971552
17985958
17997175
17999224
18032257
18036287
18038222
18042486
18062729
18083449
18086124
18086971
18090024
18092509
18161669
18194592
18216358
18219249
18222051
18226971
18227358
18257096
18261704
18262137
18263989
18282806
18284533
18291018
18294493
18295926
18313133
18314507
18315690
18330694
18331119
18342201
18342660
18349836
18363455
18364376
18370967
18370975
18378837
18383407
18402155
18417743
18419058
18422950
18425656
18434822
18438195
18438196
18441252
18442771
18453134
18454585
18454771
18457755
18467718
18471033
18477714
18477800
18489928
18498783
18499180
18499881
18503795
18505591
18505950
18513507
18514986
18518875
18534553
18535543
18540793
18559639
18566925
18574349
18590540
18591559
18602106
18608077
18611088
18611090
18612116
18612131
18619088
18619761
18620852
18621562
18624092
18630312
18662217
18687605
18690766
18690767
18693225
18693779
18695256
18697755
18757328
18759725
18774893
18775388
18779543
18789740
18790463
18796673
18801822
18804232
18809814
18815533
18823157
18827045
18827690
18835687
18837269
18852548
18854789
18932243
18942926
18953228
18957521
18972327
18977551
18998064
19016939
19020531
19021489
19032448
19035030
19063951
19064238
19070518
19103608
19104121
19104124
19105828
19117126
19119896
19122087
19125547
19125548
19130463
19135000
19144138
19147996
19166563
19175435
19187876
19188544
19189165
19190999
19193408
19205911
19225341
19228831
19238269
19243719
19258935
19273706
19273780
19275981
19277859
19292774
19307082
19333837
19345769
19379450
19384112
19386825
19392959
19395182
19423273
19429736
19446122
19447325
19447364
19450844
19468015
19479684
19479704
19479901
19484926
19486180
19493644
19500162
19500238
19515100
19534578
19536007
19536010
19536016
19567440
19571083
19574862
19615623
19623689
19628089
19634585
19651943
19670955
19670958
19693637
19701031
19702339
19716545
19725206
19727828
19728371
19730215
19731188
19732030
19754995
19764594
19780923
19783766
19802824
19803555
19807600
19811852
19878562
19881893
19922988
19926311
19937673
19946738
19948302
19950278
19961361
19996399
20003294
20006644
20021588
20024734
20052561
20057332
20059714
20061833
20067968
20073039
20108127
20116689
20123667
20129257
20142064
20148984
20149970
20150193
20150899
20167846
20169019
20177093
20177756
20185003
20186486
20195174
20197326
20202108
20208211
20212180
20212281
20217267
20227673
20229219
20303515
20307170
20345867
20360501
20362591
20375948
20395856
20398380
20421027
20421543
20421554
20426577
20435243
20439063
20439655
20447000
20453186
20489093
20491610
20507198
20513048
20513750
20530778
20532657
20546616
20552931
20578182
20606240
20619518
20620413
20630679
20642408
20643449
20651701
20663004
20666661
20670461
20675843
20693735
20700678
20706161
20706165
20719350
20731875
20733530
20736158
20800767
20806828
20831305
20837278
20843165
20843702
20843972
20847713
20864299
20864727
20866163
20869624
20874036
20881382
20890767
20939011
20940190
20940384
20952079
20962196
20963269
20966832
20974322
21047226
21070636
21070905
21073707
21077581
21085006
21088130
21095276
21110249
21110251
21110253
21122709
21122732
21125341
21131577
21135274
21139094
21140173
21160056
21161738
21174232
21176137
21187214
21192209
21206296
21208547
21214118
21221691
21228314
21233306
21242423
21246529
21249787
21256570
21270620
21285425
21301371
21306370
21306625
21310390
21316540
21319573
21322083
21339432
21340480
21345188
21352697
21363901
21365630
21381999
21393258
21395352
21397779
21401457
21402603
21402604
21406648
21413207
21414059
21425148
21426495
21434698
21448908
21452493
21463367
21463888
21475624
21478779
21486736
21495938
21497842
21506726
21512429
21525437
21537147
21546366
21552158
21555653
21565981
21567166
21572354
21572580
21585228
21592024
21606426
21616722
21617570
21620356
21628079
21646556
21656514
21657804
21658724
21670329
21697166
21706276
21709691
21714794
21730240
21735047
21740201
21763210
21770042
21774138
21775009
21787516
21791327
21800053
21807824
21818619
21819166
21823112
21830254
21832214
21837637
21842244
21843875
21865093
21872295
21881551
21886026
21915759
21921254
21932691
21935297
21942302
21944221
21945309
21947679
21976117
21980197
21982520
22013631
22018160
22025192
22025629
22026394
22033718
22046848
22091494
22093050
22116111
22123793
22126951
22138230
22139021
22147865
22151000
22151011
22157221
22181052
22188641
22192688
22193416
22209053
22216873
22244208
22244295
22246582
22248516
22264854
22264974
22271645
22298310
22315517
22322612
22328832
22329356
22340780
22340781
22341159
22342212
22357638
22379646
22381988
22387371
22389022
22393093
22403161
22416509
22416985
22433759
22451335
22459987
22468739
22495336
22498687
22503007
22525609
22530292
22546389
22549558
22550197
22554140
22554973
22566017
22570568
22575240
22576847
22580628
22591979
22608160
22617045
22623591
22627914
22629827
22633340
22643256
22648601
22665838
22672479
22682009
22684273
22692958
22693982
22702464
22728571
22738615
22738616
22740497
22743887
22792586
22810968
22816373
22818247
22820973
22835558
22840827
22846144
22851048
22858278
22858381
22879451
22913474
22922000
22922432
22928178
22933748
22937854
22938900
22941703
22942827
22949492
22951045
22954061
22966834
22980311
22982978
22985139
22986842
22987204
22996105
23017247
23032805
23047784
23053659
23061167
23063286
23072736
23074090
23074343
23074496
23078001
23078763
23117108
23117268
23120940
23121762
23127149
23128859
23132199
23132351
23132781
23142446
23143283
23145890
23151177
23158551
23164382
23164388
23169513
23169520
23177730
23181764
23194035
23206212
23206213
23206237
23206558
23206767
23213024
23218806
23220893
23222500
23238419
23238540
23240370
23243199
23263733
23264681
23277483
23277777
23289640
23290669
23296047
23298948
23302260
23303200
23306730
23312757
23315446
23324508
23324936
23336095
23340637
23347555
23354364
23357490
23358386
23377342
23379270
23380210
23394485
23395701
23408016
23414696
23415239
23418921
23425291
23430282
23442840
23448115
23454040
23454732
23459325
23459740
23461426
23465162
23468086
23469328
23473816
23477686
23477884
23480823
23507157
23507165
23523207
23524201
23525736
23534946
23536442
23539282
23541869
23548119
23553164
23559420
23560284
23562209
23564325
23569153
23581912
23583345
23585144
23585738
23588099
23588123
23590666
23592363
23608830
23616157
23627577
23629077
23635315
23648470
23660182
23663229
23677575
23677924
23678788
23678936
23688540
23697475
23700325
23706552
23718160
23725230
23740863
23745013
23746098
23766576
23771567
23773373
23783152
23793808
23797716
23799930
23819622
23819957
23829345
23835927
23839749
23857864
23870733
23880428
23891056
23891918
23910071
23914410
23924155
23928005
23929404
23933053
23942750
23942872
23943892
23969582
23969590
23969801
23972533
23973925
23991899
24009168
24011145
24012920
24015898
24018022
24022435
24025363
24033917
24038901
24039877
24043289
24048800
24072010
24072727
24074426
24077760
24106867
24108392
24111895
24117288
24117371
24118025
24118883
24122849
24136694
24139984
24141382
24146343
24155037
24156665
24165760
24195774
24205085
24220685
24240934
24240935
24245982
24249721
24249814
24253791
24257326
24273348
24279724
24286307
24297190
24297563
24304160
24304256
24305918
24314367
24316600
24321259
24329814
24335896
24336138
24350590
24353413
24366395
24370501
24372461
24382787
24383436
24399032
24400842
24415748
24421722
24433487
24435407
24436032
24440649
24442687
24443733
24443943
24445570
24446162
24448722
24452087
24458966
24461126
24462854
24501870
24507475
24518783
24518788
24519300
24529210
24530712
24560166
24578240
24589160
24590328
24592493
24595521
24597556
24598714
24633665
24634620
24636641
24637730
24641912
24652416
24658691
24676892
24690048
24709554
24715406
24721817
24721838
24735835
24736896
24737875
24738554
24750510
24753967
24761820
24768977
24780283
24782413
24798240
24798985
24799579
24800136
24800144
24800147
24809301
24809808
24818261
24820451
24828844
24834366
24835058
24837398
24841071
24879615
24881635
24889479
24902475
24911812
24916208
24926714
24941443
24951268
24952367
24952694
24953267
24965027
24976252
24977377
24979977
24980272
24980877
24988304
24988821
24989174
24991318
24996952
25002016
25008431
25011538
25012857
25022451
25023914
25028539
25031307
25039276
25039690
25039842
25046086
25049319
25051943
25056721
25062077
25062652
25063436
25063908
25065814
25085283
25091179
25092602
25124026
25129071
25135676
25139849
25140292
25161100
25168024
25171936
25187333
25188883
25190121
25198164
25201540
25208856
25215915
25217776
25219655
25222387
25231751
25231780
25239361
25245130
25247895
25248065
25255067
25256091
25268944
25269980
25287826
25289323
25290044
25294523
25294554
25295543
25298015
25315791
25327701
25333214
25341547
25345645
25349053
25350548
25351972
25354983
25356449
25356602
25357160
25359400
25366248
25372087
25373832
25373835
25373925
25379768
25386385
25387186
25393312
25399914
25401043
25410684
25411663
25411684
25414965
25437407
25441233
25443144
25447621
25450993
25451992
25457017
25483764
25497144
25497786
25500361
25515232
25517070
25517411
25521438
25527425
25536880
25550125
25554369
25558764
25563744
25565887
25567774
25575552
25576777
25580726
25582894
25584711
25592254
25596000
25602291
25602870
25604948
25608114
25610815
25615005
25616412
25617704
25618620
25618988
25627740
25639320
25640884
25641539
25647206
25647420
25648732
25657171
25658784
25659653
25660252
25663708
25666213
25679355
25680919
25690858
25691670
25694010
25700653
25700662
25706657
25714441
25728334
25734573
25735807
25744009
25746745
25756438
25770748
25785586
25798799
25800944
25803763
25805367
25811560
25811817
25814418
25817559
25822546
25827965
25831185
25837434
25845470
25849354
25853865
25858102
25869525
25876472
25880269
25880625
25884399
25889646
25892492
25905884
25915499
25923447
25937600
25943980
25946281
25957594
25963116
25964256
25965155
25971298
25973276
25978698
25981863
25987547
25987915
25989510
25993654
26005516
26010119
26011547
26015277
26022349
26022753
26026867
26027614
26031279
26034098
26042576
26047398
26084135
26085455
26092305
26094817
26096365
26112066
26118943
26119176
26121061
26121161
26121485
26125483
26126606
26131828
26136851
26138947
26141463
26141912
26154837
26158425
26167779
26169520
26176492
26181015
26181021
26198584
26202565
26209488
26211481
26233276
26238969
26239239
26241435
26241436
26241733
26244787
26246946
26247585
26247783
26248037
26259762
26265964
26281808
26293653
26297372
26299231
26308229
26312999
26313895
26319646
26324510
26328239
26330010
26338783
26345512
26350680
26351215
26360960
26362520
26368317
26382223
26387044
26402391
26403092
26411308
26414882
26423687
26451244
26457643
26460520
26465126
26467045
26468563
26472317
26475637
26480343
26480998
26492481
26493659
26496450
26502115
26502320
26511322
26515331
26527177
26527599
26535361
26540168
26542492
26544814
26545849
26553265
26560679
26563524
26564253
26568739
26577228
26578829
26582045
26586101
26589675
26593970
26596190
26603185
26604724
26610649
26618664
26620917
26636274
26643627
26657478
26659004
26678948
26679968
26686204
26686793
26714688
26718956
26720308
26724938
26728397
26730804
26734757
26738222
26738737
26739476
26743704
26745280
26746377
26747790
26759975
26759983
26763083
26772175
26774951
26777577
26782871
26784776
26786154
26789508
26789853
26791096
26792814
26803434
26809148
26819266
26823152
26823164
26827118
26860586
26863336
26865293
26865591
26895819
26895820
26899494
26900886
26904507
26920552
26922367
26944867
26946986
26949154
26957641
26964846
26969712
26970981
26972900
26973941
26982244
26990550
26991652
26992175
26998645
27000333
27003550
27003551
27003558
27015048
27015251
27015255
27023693
27026306
27031015
27034179
27045283
27051057
27059191
27061765
27067173
27079568
27081755
27083692
27087386
27087984
27088120
27091212
27101092
27101532
27124618
27131511
27133087
27135458
27136249
27140591
27147902
27148616
27149530
27152319
27154530
27157824
27161970
27174461
27175070
27183221
27184466
27186449
27187302
27197711
27213088
27213623
27215634
27218793
27231801
27232680
27232684
27239383
27244084
27245875
27259290
27261408
27262781
27272894
27283202
27283463
27289026
27289297
27294748
27297244
27324382
27332747
27340280
27343837
27347621
27348278
27348285
27348286
27351641
27354313
27355268
27359282
27371621
27373600
27374730
27385166
27386722
27390167
27394148
27394678
27400435
27400711
27402050
27407027
27419010
27428482
27432867
27435204
27437885
27438027
27442965
27453458
27455158
27456449
27461237
27465051
27465180
27465766
27465909
27468371
27473817
27477086
27487304
27493987
27495053
27495274
27497927
27509170
27517039
27521282
27521886
27525007
27528703
27532155
27535441
27541822
27547861
27548843
27551731
27552166
27555790
27561186
27577620
27579824
27588413
27593604
27595675
27599748
27605689
27606039
27606397
27606399
27610461
27611713
27612671
27613220
27620939
27623484
27629239
27630349
27638194
27639556
27641051
27641308
27646860
27651383
27653006
27655405
27659408
27662220
27665313
27679503
27696099
27696607
27706473
27722187
27723891
27732713
27733752
27743069
27749319
27756796
27763995
27766628
27768540
27769219
27771035
27772698
27773529
27776899
27783550
27803069
27806171
27807921
27811123
27814825
27822008
27836213
27838391
27848189
27851859
27859299
27861719
27876589
27884649
27885788
27886030
27893028
27893045
27895533
27914950
27918869
27919380
27927342
27933568
27955941
27986211
27997508
27998232
28007135
28009623
28017586
28024653
28027819
28030476
28034069
28034651
28042735
28046001
28051222
28062313
28067955
28070913
28075695
28079917
28083755
28089217
28089387
28093055
28103923
28108823
28109560
28110510
28114631
28114640
28116108
28121315
28121687
28125760
28132584
28142382
28143752
28145840
28148599
28154106
28164250
28166331
28176298
28186715
28190600
28190669
28195778
28196182
28196927
28207664
28207744
28218363
28224100
28229485
28230421
28230454
28230614
28232047
28237564
28256998
28263920
28264240
28272217
28272593
28274618
28279729
28279748
28285775
28285902
28287043
28288068
28291382
28291599
28292344
28292563
28292824
28293491
28315419
28315803
28318554
28325489
28326675
28333812
28333820
28333918
28343920
28344918
28355174
28363701
28365097
28366309
28366578
28369066
28369402
28369774
28369785
28377248
28378409
28379627
28380721
28389293
28392293
28392325
28408172
28410338
28410614
28411013
28412055
28423147
28425403
28432063
28441679
28446159
28447755
28448162
28448783
28454592
28456561
28460645
28464140
28468784
28472547
28473189
28476737
28477958
28480542
28485111
28486935
28492008
28498094
28498198
28501293
28502681
28506980
28508921
28509578
28514487
28537346
28543359
28546878
28553570
28565923
28569372
28570794
28571496
28575258
28583465
28590385
28590946
28600616
28601373
28611258
28614579
28618354
28619689
28624049
28624065
28625371
28625381
28626508
28628393
28633782
28635549
28635981
28640073
28644930
28645202
28645284
28647395
28650248
28650884
28654972
28655413
28658482
28658485
28658489
28662244
28676155
28676305
28677020
28678122
28688994
28689309
28695907
28697295
28701128
28709581
28712578
28721034
28723720
28726159
28733341
28737985
28737986
28747244
28747245
28748715
28749776
28754438
28754441
28755967
28759685
28766225
28767603
28768325
28776947
28777716
28786426
28796858
28796878
28801110
28808670
28811987
28815161
28815608
28817299
28818215
28820513
28832865
28834181
28840507
28844583
28844824
28847660
28857156
28858388
28861535
28864408
28865892
28871808
28874935
28876281
28884392
28885288
28891032
28894839
28895455
28902769
28918956
28921379
28939195
28943353
28944526
28963260
28973385
28975306
28979974
28982706
28983558
28984659
28989837
29016566
29016777
29017802
29021267
29025270
29039025
29043521
29045712
29053170
29053177
29057344
29058344
29059428
29062268
29068906
29071708
29074147
29078872
29083977
29087147
29087149
29087635
29088044
29102459
29111953
29112234
29113402
29116323
29116680
29118232
29121143
29125784
29125908
29128105
29128869
29129828
29132952
29139055
29141457
29142964
29146155
29148319
29153870
29155190
29156054
29157785
29165019
29167867
29167903
29169689
29173070
29174407
29180170
29181421
29181504
29192307
29194011
29199056
29200348
29202924
29206564
29206974
29207938
29208368
29217445
29223986
29223989
29225892
29226997
29227443
29234722
29244057
29248102
29249645
29251973
29252115
29255896
29261440
29261829
29263770
29264933
29269006
29271056
29273434
29276845
29279887
29282464
29282482
29284354
29287033
29290594
29295829
29302695
29304724
29308413
29313316
29325725
29331476
29334559
29336600
29339011
29340564
29342379
29349842
29361829
29372573
29373244
29377919
29382212
29383481
29390313
29393807
29403021
29404575
29406840
29406841
29409463
29411411
29412764
29417575
29424384
29428038
29428738
29429750
29433953
29436260
29443722
29445028
29445299
29446449
29450675
29452562
29453287
29462030
29462043
29462048
29462079
29462124
29462180
29463382
29464148
29475841
29482196
29490365
29490533
29496293
29499339
29502466
29505378
29506837
29512426
29518439
29523809
29523864
29529616
29530910
29544446
29544674
29545694
29550856
29552705
29559057
29567642
29569005
29570370
29576826
29578109
29578854
29581222
29582719
29603139
29606410
29609879
29615357
29616482
29618934
29630889
29631060
29636104
29643066
29649369
29649392
29653631
29656305
29656565
29656670
29657034
29661050
29661221
29663689
29665016
29670391
29678620
29684237
29691171
29691265
29693229
29694287
29696223
29697150
29704683
29710214
29710217
29710331
29712491
29719220
29721713
29724482
29726303
29728324
29729288
29735377
29736143
29739303
29739799
29747864
29751857
29753792
29761885
29762153
29762291
29771295
29774589
29775130
29776984
29784549
29794588
29796375
29797314
29799328
29800182
29800414
29800973
29802592
29804845
29804856
29807786
29808770
29847166
29851441
29852306
29852776
29854224
29861349
29864193
29874163
29874942
29875079
29880697
29885945
29889752
29889758
29891521
29905943
29906429
29907231
29914819
29920193
29939911
29944091
29946682
29946693
29946798
29955572
29957155
29959759
29979249
29983370
29985685
29986594
29990573
29998015
29998209
30005557
30007017
30010072
30012014
30015376
30020122
30020740
30020755
30021246
30024278
30030731
30032938
30032942
30039175
30039447
30045204
30045210
30049173
30051091
30055168
30055685
30063494
30063591
30064593
30068346
30069509
30069523
30073240
30073494
30075195
30077751
30084266
30085843
30094824
30097976
30099327
30099887
30100041
30101633
30105393
30106839
30107968
30109053
30117766
30118370
30120157
30121826
30126847
30138684
30140125
30151827
30156456
30159759
30170816
30172804
30173808
30175482
30181420
30189747
30190063
30193276
30193277
30193379
30195836
30199428
30200746
30202806
30202827
30204678
30221166
30222925
30222926
30223013
30225458
30232793
30234933
30236796
30242346
30242381
30243772
30246588
30254811
30265611
30267073
30276105
30281010
30282770
30285047
30289860
30291742
30294709
30303759
30312774
30314479
30317547
30318592
30322282
30325503
30328762
30338068
30340585
30342180
30354487
30361048
30364586
30382489
30383143
30383499
30389146
30396744
30425010
30429919
30461596
30470515
30481382
30484820
30484850
30489499
30489546
30489611
30497468
30497897
30499800
30503516
30508010
30508511
30511290
30513095
30518476
30521798
30527937
30528815
30530450
30531365
30531524
30533589
30544112
30547114
30553907
30554974
30556761
30559118
30562067
30571231
30571413
30573946
30573963
30575846
30579689
30579938
30581030
30584041
30586111
30586171
30587942
30589633
30594534
30607634
30608875
30621205
30622198
30623099
30630460
30632645
30640242
30642267
30646111
30646120
30646154
30646294
30646300
30646342
30646347
30646352
30647824
30650175
30652243
30657402
30664603
30668637
30672817
30679104
30681710
30682042
30683507
30690529
30694321
30696727
30698605
30701188
30701984
30702378
30704629
30706655
30714001
30718171
30722357
30724682
30724685
30728010
30730360
30731402
30763292
30772191
30773436
30777622
30777630
30779659
30785590
30787128
30789539
30794221
30796656
30796990
30799637
30801625
30801639
30814026
30819468
30820015
30821669
30824334
30832276
30838917
30840335
30844024
30848808
30850463
30853155
30853386
30855652
30857833
30859148
30861148
30864065
30864658
30865220
30865568
30868557
30870086
30870149
30870276
30874780
30874782
30874787
30875173
30887426
30887892
30892572
30895813
30896632
30897047
30901047
30901161
30904366
30904707
30909852
30912723
30920603
30931609
30933243
30933606
30940480
30947888
30947897
30951157
30951228
30955357
30972612
30973509
30975464
30980025
30981781
30990226
30993488
30998420
31003811
31014090
31029672
31031042
31031120
31033818
31039058
31039752
31050779
31053530
31056859
31070837
31076739
31081374
31084197
31087319
31090893
31107629
31112238
31113371
31114699
31125100
31125696
31125697
31126774
31133006
31134661
31157819
31160037
31162230
31170025
31170802
31171397
31180736
31181068
31183157
31187600
31188411
31192042
31192918
31199445
31202627
31204223
31205705
31208422
31208940
31212101
31215259
31221498
31225703
31226386
31226687
31229661
31230581
31232205
31237098
31240426
31254703
31262592
31264323
31268735
31279008
31285092
31288800
31289427
31290170
31294521
31298714
31302055
31303256
31305286
31309373
31313475
31313621
31314120
31314726
31322689
31323403
31326537
31333916
31337598
31346366
31347977
31351077
31351851
31359556
31363063
31369658
31372371
31377088
31377258
31378410
31379067
31382958
31384884
31389882
31393806
31393863
31397864
31403717
31404224
31404518
31404657
31404894
31410783
31411664
31411709
31411981
31412015
31413065
31413681
31418877
31420652
31420824
31422701
31425875
31426911
31428238
31431954
31435727
31436905
31449674
31450271
31456495
31461755
31469397
31476905
31478010
31478323
31485969
31487480
31490537
31495766
31499568
31501272
31502525
31508853
31513511
31515131
31515234
31516084
31521124
31522924
31523582
31539332
31542759
31542875
31553046
31553402
31560384
31560389
31561661
31563829
31564598
31566054
31568536
31573912
31573991
31579681
31582133
31583457
31589086
31590153
31595720
31596488
31603486
31607385
31609397
31613721
31624783
31625050
31625131
31630119
31630430
31631828
31632726
31633536
31639322
31639848
31639851
31642741
31642889
31642929
31647506
31651741
31651952
31654809
31655466
31657838
31658854
31663456
31665513
31667454
31673796
31675087
31679429
31679862
31679990
31680114
31683068
31688416
31692400
31693127
31694401
31696511
31701466
31703682
31704751
31708403
31711515
31726287
31726936
31730185
31732372
31734065
31735055
31737924
31738925
31740396
31741131
31746656
31752792
31755954
31764322
31767239
31771758
31771991
31774203
31778622
31778783
31782030
31785254
31800069
31800072
31801659
31816254
31820411
31828233
31829902
31834109
31834398
31836107
31837254
31842107
31846127
31846453
31856962
31861770
31866573
31873998
31874282
31877209
31879158
31880803
31882148
31883772
31890365
31895911
31899181
31899533
31902476
31907241
31910208
31913495
31926591
31926887
31936105
31941721
31952884
31970252
31977059
31977081
31977436
31982243
31986569
31987798
31990248
32000096
32005200
32006487
32006547
32007353
32018244
32020841
32021153
32022880
32022884
32023311
32031644
32035202
32035755
32037738
32039957
32042998
32043831
32044429
32048931
32049897
32054393
32059096
32059097
32060169
32062784
32076586
32076702
32076864
32080822
32083143
32083591
32095835
32103789
32109576
32113626
32117753
32122736
32125402
32128693
32129866
32129868
32139273
32140327
32144034
32144746
32147301
32151143
32151568
32154858
32159811
32162188
32162377
32163145
32165278
32173049
32173107
32173164
32175594
32179154
32186746
32187027
32191204
32191331
32193849
32196839
32204646
32205517
32205790
32211811
32212262
32217062
32227133
32227181
32228065
32229093
32229142
32232450
32239220
32241650
32242907
32248660
32250432
32251141
32253027
32255485
32259263
32267466
32267818
32268006
32270989
32273483
32279946
32280977
32282264
32285332
32291400
32297905
32298222
32299421
32299504
32299746
32303519
32310285
32314229
32314603
32320063
32336226
32343352
32350126
32350680
32352868
32353006
32364573
32387543
32389176
32394720
32396181
32399772
32402097
32404655
32408860
32412069
32412070
32412077
32412300
32412635
32412952
32417005
32421185
32432434
32436682
32437874
32438507
32441364
32449399
32451849
32456507
32458577
32459905
32468336
32473266
32478992
32480849
32484941
32487037
32508982
32515784
32521732
32526087
32526349
32527984
32535074
32535153
32537684
32538845
32550091
32551332
32555005
32558340
32575002
32584926
32591988
32594283
32597254
32602909
32609039
32609338
32612319
32617594
32633550
32645402
32646819
32659953
32662845
32662957
32667653
32677613
32678860
32680629
32682064
32683416
32692133
32692371
32693995
32705616
32706381
32710381
32710450
32714891
32715958
32723505
32726269
32730668
32735336
32739891
32739906
32742221
32744734
32745164
32745204
32748034
32749490
32764761
32767723
32775119
32777229
32777264
32779708
32785143
32790231
32803239
32804780
32805532
32805580
32808362
32813592
32815634
32822491
32826748
32829764
32833020
32833350
32833925
32845319
32852147
32852787
32853429
32853759
32858514
32865864
32866213
32876650
32876682
32878456
32886121
32886897
32890040
32890650
32891317
32896244
32897162
32897345
32897346
32900469
32901370
32902630
32909248
32910419
32914353
32916184
32925417
32925688
32925977
32927325
32936271
32941284
32947286
32948189
32951209
32951243
32956469
32960277
32964422
32970581
32974025
32976835
32994074
32994130
32995762
32996226
32996396
32997100
33001201
33006939
33008651
33009097
33021129
33023854
33026448
33026682
33030552
33031696
33032059
33032737
33034640
33047305
33057860
33058791
33063608
33065244
33065691
33068540
33068611
33069859
33070305
33074324
33074907
33075381
33076181
33079598
33079898
33085843
33087496
33089137
33097597
33105015
33105352
33109461
33110721
33112178
33112393
33119441
33130002
33131488
33136135
33141229
33145400
33147087
33147654
33152053
33156064
33156180
33168586
33170241
33170867
33176767
33185678
33191063
33191247
33196287
33196426
33196767
33201083
33201532
33201788
33207166
33209989
33210114
33211608
33214415
33216139
33220184
33226430
33226698
33228654
33230031
33231638
33231664
33232903
33247301
33252621
33253677
33258420
33267624
33268274
33273290
33273291
33273294
33277226
33279331
33284337
33284340
33301909
33306115
33309298
33312678
33312816
33316103
33322966
33324047
33324134
33326584
33338680
33351431
33356434
33358400
33358690
33359779
33361460
33367287
33372974
33373460
33375892
33375989
33376689
33385884
33389087
33392903
33395242
33395243
33400426
33417480
33419720
33421940
33426375
33430941
33433365
33438047
33449097
33449809
33452168
33461199
33462819
33464940
33465323
33465591
33472483
33475756
33475757
33487591
33493888
33496775
33502485
33503408
33506728
33511226
33511747
33516154
33517829
33518026
33518476
33543782
33544975
33546868
33548437
33549872
33551197
33553094
33555956
33560785
33573528
33588617
33588674
33591365
33595596
33595661
33595942
33596897
33598365
33598795
33620952
33621438
33624474
33629232
33631053
33644623
33646272
33646311
33648020
33652152
33653116
33654622
33656528
33657031
33663028
33675077
33678125
33683703
33685820
33687283
33687462
33688938
33703939
33708837
33710133
33711430
33714717
33718784
33720850
33729504
33734903
33736774
33737438
33742556
33748729
33749766
33749769
33751911
33752994
33761903
33769412
33770557
33771281
33771334
33771562
33773308
33774219
33775393
33778651
33779684
33786524
33793979
33795152
33812694
33814195
33818643
33818753
33821515
33823605
33825802
33831918
33841887
33845017
33847618
33847752
33851113
33856306
33866936
33875252
33878343
33893001
33900501
33902984
33904046
33904912
33905136
33910054
33914476
33914645
33927125
33931227
33931242
33933363
33933399
33936478
33937457
33942117
33953553
33956937
33961699
33962388
33965608
33970186
33970684
33971727
33978722
33983913
33985644
33987450
33992563
33993288
33993751
33999159
33999405
34014561
34014856
34019086
34024227
34026394
34027590
34029005
34032811
34045274
34047790
34056912
34058109
34061204
34061852
34076341
34080234
34087621
34091857
34095966
34098827
34099373
34099411
34101945
34107542
34110394
34114156
34115993
34120277
34121367
34124776
34125219
34127301
34136336
34145495
34151635
34151777
34153493
34158004
34158181
34158210
34161136
34164951
34166267
34166332
34167389
34170229
34176279
34185069
34185555
34189077
34197284
34198334
34212777
34213557
34220661
34224527
34227736
34232161
34235874
34236409
34237766
34237769
34238657
34241627
34243966
34247459
34247588
34247954
34252170
34253112
34261109
34264812
34268081
34277071
34279653
34283840
34293915
34303762
34308554
34309099
34309621
34309976
34314672
34319383
34322679
34325106
34328502
34334737
34337452
34337985
34337992
34340925
34342653
34350339
34357841
34364841
34367750
34372976
34374244
34383060
34383580
34386450
34402039
34402828
34404607
34405899
34406402
34408927
34409377
34409589
34419007
34420191
34422987
34430717
34435990
34452823
34459494
34463922
34463969
34467771
34468453
34469069
34473259
34473964
34474928
34482947
34487016
34493144
34495296
34501275
34505178
34508034
34508035
34508797
34513780
34515084
34518196
34530688
34543249
34546883
34547406
34547445
34550368
34550384
34559227
34563142
34564835
34567391
34570170
34570810
34570984
34580617
34582262
34582887
34585380
34590091
34592509
34594546
34597415
34599349
34600217
34608989
34610872
34615603
34615667
34618553
34621956
34626697
34628440
34631040
34632322
34644664
34647312
34654021
34661662
34662468
34673965
34677088
34691748
34693271
34694578
34694928
34695123
34695553
34709365
34714340
34724554
34726500
34726745
34727316
34730000
34730504
34736273
34736865
34736911
34738967
34739415
34740596
34742590
34746992
34748913
34750282
34751709
34754205
34762965
34763722
34764025
34767534
34772873
34773705
34778738
34780299
34781343
34787635
34793857
34797370
34799260
34807532
34812849
34816186
34816438
34817542
34818087
34823709
34841400
34846071
34846528
34847874
34853853
34854310
34856159
34864860
34870619
34872105
34876428
34882180
34882484
34889576
34890371
34895427
34901691
34901925
34910144
34913359
34919346
34921108
34922920
34926805
34937038
34938673
34939012
34940861
34948528
34949119
34949437
34949527
34952582
34953091
34954063
34955191
34968650
34972001
34973811
34977609
34978531
34982740
34982781
34984991
34987079
34988738
34990000
34991133
34998906
35001515
35010718
35023194
35027354
35031495
35039232
35040106
35040886
35048082
35050420
35071980
35072889
35083654
35085067
35089352
35090128
35090747
35098752
35103858
35106347
35107716
35112306
35113164
35119911
35120445
35128596
35132551
35135749
35139002
35140117
35149160
35175284
35175448
35178702
35179584
35180750
35181518
35183711
35186596
35187480
35189202
35190241
35191195
35195684
35201308
35201827
35210395
35221327
35222258
35225071
35225719
35234831
35253771
35255893
35261712
35261937
35262444
35262712
35264292
35272346
35274711
35278213
35282179
35284775
35287181
35300820
35303163
35303914
35304739
35308954
35308997
35314072
35315795
35320025
35323993
35326707
35331076
35331992
35333338
35339003
35339393
35340726
35346955
35347007
35349621
35351602
35354101
35354598
35357456
35357729
35360916
35360968
35361344
35361444
35362863
35369114
35377425
35383715
35384917
35385085
35392681
35394350
35394512
35404546
35405381
35409636
35410303
35411724
35413730
35414302
35416474
35418881
35426737
35427376
35428687
35429453
35436258
35442413
35467963
35468476
35476017
35476066
35483436
35486398
35490792
35501106
35503990
35507330
35507547
35508434
35533876
35538008
35549529
35550347
35551235
35559807
35559870
35559905
35568812
35574885
35579821
35583388
35584242
35584317
35585537
35588946
35603854
35604684
35606835
35608114
35608799
35612546
35613526
35619240
35635471
35636667
35637647
35641056
35644222
35648063
35654334
35655167
35658639
35658904
35666412
35667412
35671058
35679046
35689161
35690575
35695271
35696708
35697870
35699954
35714549
35720451
35724735
35727582
35731514
35734243
35737856
35738162
35750504
35759264
35767247
35768062
35779447
35779968
35780214
35781346
35784967
35787803
35788670
35790308
35791447
35797658
35798857
35804258
35816646
35818952
35822659
35830889
35837728
35839466
35841036
35849829
35854715
35854801
35857326
35864053
35864353
35866561
35868423
35876190
35876294
35881325
35887865
35895063
35896926
35898692
35900736
35906141
35906723
35911284
35912507
35912531
35914792
35928922
35938828
35939048
35940052
35945740
35951484
35972738
35973742
35975139
35976183
35976635
35977168
35977175
35977188
35977213
35977218
35977222
35977230
35977232
35977235
35977244
35977261
35977279
35977280
35977281
35977285
35977292
35977297
35977300
35977302
35977305
35977307
35977316
35977323
35979528
35979807
35980640
35981658
35984657
35991474
35992245
35993313
35997977
36001323
36003957
36031609
36041992
36048895
36051002
36052688
36058433
36060289
36061492
36062118
36062489
36065815
36066895
36067432
36067475
36069831
36071015
36075080
36081697
36088216
36088988
36098417
36108041
36112374
36115725
36120854
36125812
36128256
36136402
36138250
36147599
36147760
36149611
36150636
36160445
36160652
36166229
36169963
36171495
36173630
36175167
36178687
36182086
36183417
36192728
36194414
36194574
36197659
36198435
36198492
36200665
36202343
36203129
36205707
36206006
36206644
36209151
36213386
36214126
36216076
36217874
36218933
36218946
36219114
36222194
36227614
36227851
36228178
36244224
36251292
36254727
36255428
36259235
36262427
36263340
36269338
36281568
36282932
36282933
36283991
36285666
36293929
36301585
36307366
36307556
36313004
36314932
36316068
36322084
36324696
36325518
36330687
36331442
36339490
36342359
36342716
36346180
36350471
36355374
36356283
36367757
36371209
36371372
36373871
36379922
36394872
36403269
36405932
36406973
36409511
36409946
36410561
36413364
36416004
36416252
36417176
36420540
36425644
36427602
36427644
36428284
36444507
36444529
36446250
36448466
36450614
36455101
36455841
36458806
36462207
36466559
36468964
36469318
36469350
36472261
36472594
36479003
36480649
36481285
36495290
36495541
36505980
36508218
36520224
36525572
36529380
36538612
36538926
36539693
36548928
36549175
36549726
36550805
36567314
36568920
36575329
36579038
36579742
36580325
36581135
36582653
36585871
36588062
36590892
36594828
36599102
36601414
36602811
36603182
36606360
36609453
36609900
36626695
36627836
36629087
36630526
36630561
36642254
36652174
36653910
36657098
36660109
36662505
36681977
36684570
36686081
36690878
36692880
36692881
36693726
36696111
36701935
36705281
36709525
36715293
36716030
36718774
36720020
36724402
36724523
36729031
36729431
36729433
36730660
36731798
36735406
36745407
36753276
36753557
36754133
36763363
36763364
36776124
36777316
36781115
36787139
36790769
36792379
36797510
36801465
36802824
36803461
36805543
36805798
36808240
36808929
36811270
36811982
36813369
36821057
36825802
36826828
36843957
36848086
36848122
36853864
36863863
36870271
36871653
36877102
36883853
36884250
36893409
36897581
36897588
36898290
36912682
36912828
36919110
36919680
36928457
36930254
36940119
36943210
36950040
36961460
36961786
36972047
36972248
36972766
36973924
36976591
36988958
36989452
36992748
36994701
37000433
37001939
37010377
37012707
37013423
37014950
37015322
37015340
37016340
37016876
37017940
37023922
37024760
37027316
37029034
37032236
37036727
37049516
37055156
37064589
37066110
37067741
37068113
37081673
37083665
37088446
37093607
37094279
37094631
37095287
37103884
37103940
37105730
37114981
37115543
37119952
37125546
37129357
37130988
37133808
37137475
37139503
37139931
37141046
37141180
37145424
37145467
37145594
37146176
37148626
37148906
37155661
37156187
37163154
37163624
37163657
37166790
37167418
37167587
37168051
37169149
37171797
37171854
37173743
37183095
37183861
37195661
37199402
37202354
37203191
37204793
37208921
37211091
37225635
37233399
37234016
37235803
37243674
37248148
37251369
37252740
37253194
37253245
37254021
37255044
37260622
37261826
37267875
37271183
37272069
37273205
37276034
37278568
37278795
37286060
37286404
37286961
37287898
37295979
37296355
37300105
37300486
37305342
37307000
37313079
37313647
37313983
37314222
37316990
37323995
37326906
37328408
37331999
37334101
37334885
37335260
37340109
37341420
37342041
37343304
37346012
37349643
37351272
37351873
37351874
37352661
37355641
37355996
37356460
37362390
37362513
37365418
37370093
37382209
37385166
37388826
37390850
37391377
37392261
37393165
37399633
37399927
37400793
37404071
37405245
37405746
37406298
37410623
37415496
37417689
37423646
37428503
37428504
37429029
37429849
37431362
37431671
37432772
37433198
37434333
37439033
37440438
37440716
37448423
37449357
37454554
37456616
37458696
37463114
37463305
37466190
37487474
37493280
37495842
37498775
37501527
37505173
37505495
37517509
37525280
37525743
37527853
37529818
37531024
37535374
37535704
37537835
37538837
37540515
37545165
37546959
37548953
37549329
37549368
37551376
37553801
37559305
37561458
37562330
37566535
37568523
37568779
37577160
37588413
37592563
37592671
37592686
37592705
37594745
37594760
37595678
37598659
37602243
37603335
37624518
37626335
37634876
37636523
37643168
37643638
37647820
37653447
37653507
37661946
37662308
37662657
37663011
37667973
37674681
37675758
37682553
37684548
37688666
37698975
37699763
37702967
37708208
37708348
37708387
37713210
37721734
37728932
37746725
37746921
37748132
37748421
37748730
37749459
37753648
37757521
37757995
37776118
37776119
37778640
37779234
37779816
37781805
37783836
37789941
37790662
37801999
37806216
37812974
37819669
37821710
37822769
37824142
37832304
37833463
37839968
37843702
37847112
37847273
37851410
37859377
37861186
37862860
37868798
37870544
37870545
37870550
37872971
37874565
37877198
37883488
37883647
37884615
37888893
37889363
37898281
37901307
37903644
37906366
37909353
37910514
37914999
37916945
37917533
37928991
37933243
37935313
37936540
37940435
37940475
37941099
37943220
37949694
37955955
37961765
37963032
37967100
37967477
37969229
37972665
37979121
37982595
37988075
37988077
37990675
37991926
37993872
38011034
38033273
38033283
38036315
38037635
38037867
38039002
38044348
38048063
38052419
38053065
38054468
38055925
38059275
38060239
38064217
38064239
38066550
38084864
38085076
38086003
38090620
38092284
38099518
38100460
38102650
38113701
38114452
38117050
38126801
38127588
38135304
38135484
38140901
38146764
38146905
38147497
38150228
38151246
38151763
38153736
38154005
38155094
38157238
38159098
38160119
38163021
38170516
38191081
38193303
38193801
38193961
38198140
38204443
38205662
38214919
38215268
38215924
38219607
38223313
38223490
38227380
38231356
38237702
38237720
38237762
38241057
38252602
38252609
38252944
38259956
38262382
38265038
38265799
38267992
38271686
38274901
38275114
38276285
38280048
38283324
38288831
38301120
38306091
38308921
38310193
38314346
38316594
38324306
38324387
38325529
38333028
38334995
38343153
38343410
38343529
38348105
38354331
38362210
38364697
38366343
38378515
38382053
38386970
38395607
38417777
38424086
38427341
38432284
38433043
38440888
38441644
38442204
38442514
38443911
38444080
38447067
38447767
38451780
38458986
38459983
38462063
38467348
38476485
38477888
38477903
38485858
38488367
38493533
38495060
38504247
38510191
38510555
38510996
38513092
38515122
38520502
38522798
38523417
38524836
38526494
38528210
38536186
38537185
38545790
38547357
38554934
38555630
38556679
38562705
38565524
38567417
38573612
38578627
38581037
38588766
38597342
38602676
38603533
38603562
38606552
38607558
38607641
38607643
38610145
38613195
38613874
38617723
38618736
38620344
38625015
38637936
38639371
38640417
38646618
38648639
38648950
38649985
38652666
38662368
38663986
38669019
38670173
38677374
38682717
38687479
38689421
38690054
38691362
38697259
38697294
38698670
38698869
38706431
38709533
38710363
38712997
38719499
38720255
38725085
38738928
38739388
38739863
38740190
38743728
38748928
38750831
38751732
38756398
38758183
38763482
38769259
38770068
38770653
38771923
38771944
38777587
38780939
38782409
38788516
38793773
38794674
38795100
38810963
38819620
38820190
38822732
38822752
38825153
38826064
38826070
38829614
38830434
38831015
38838377
38847082
38847363
38848088
38849693
38850129
38851670
38852710
38856994
38861295
38865128
38866200
38869878
38869887
38871283
38875557
38880181
38881990
38883793
38884975
38884997
38885416
38888915
38889206
38889288
38895008
38899666
38899842
38906432
38908609
38912919
38913956
38922629
38926632
38927874
38928949
38937360
38937773
38939318
38940707
38941176
38942372
38944762
38944764
38950158
38960607
38967949
38972497
38976304
38977998
38978195
38978406
38980673
38989368
38989652
38990185
38992626
38996182
39004269
39013714
39014427
39020416
39023888
39028654
39028655
39029804
39030827
39030995
39032025
39034204
39036263
39036517
39038867
39042335
39042570
39046733
39047385
39047921
39049797
39051922
39058643
39063396
39072691
39073823
39077716
39080087
39083566
39085578
39087777
39088207
39090152
39090545
39093563
39096953
39097040
39115592
39115791
39117298
39121116
39121122
39123233
39126234
39128635
39128893
39129557
39131488
39131653
39133171
39134214
39135546
39136366
39137035
39140603
39141386
39146826
39151034
39151203
39153865
39158210
39163041
39163045
39165799
39172260
39172448
39176100
39177610
39177937
39184874
39186266
39196723
39196891
39208691
39210156
39213146
39218740
39219504
39222370
39226058
39226507
39227214
39229724
39229863
39233389
39250498
39254646
39259540
39261304
39276148
39281438
39281996
39285073
39287943
39293070
39302676
39303221
39306635
39316357
39321922
39323920
39326090
39340471
39344010
39348554
39352350
39353759
39356528
39362465
39364591
39369949
39369963
39376710
39378037
39379018
39379065
39383116
39385639
39386415
39390233
39392769
39394471
39401033
39413335
39417144
39417222
39417390
39419201
39419322
39426942
39434608
39439245
39441320
39441597
39441611
39441754
39444260
39447477
39447721
39450126
39453332
39466075
39466279
39467045
39471265
39475957
39479557
39479786
39482947
39483486
39485350
39486752
39496108
39499066
39499132
39501423
39502674
39504004
39507604
39509127
39509372
39509374
39514194
39515194
39523293
39524106
39524476
39526556
39526811
39527364
39527624
39528043
39529791
39529971
39532216
39535767
39535793
39545900
39546305
39549039
39551172
39556837
39560829
39560861
39575595
39576614
39581508
39583033
39584187
39584673
39584940
39586411
39587383
39588564
39588980
39589743
39589848
39600329
39600344
39600414
39615160
39615631
39616968
39617910
39622070
39622422
39630548
39630598
39635422
39636635
39640237
39641939
39641942
39653563
39665365
39671737
39675500
39675951
39678998
39679937
39680405
39685684
39687054
39688101
39693757
39697605
39699166
39701881
39702236
39702540
39704732
39708025
39710500
39714224
39714547
39714835
39714840
39714891
39719312
39722578
39726504
39738803
39739415
39739625
39745699
39755488
39758136
39760832
39761460
39762708
39775484
39786774
39787426
39789618
39789872
39792400
39792401
39792403
39802295
39804477
39808038
39808428
39808850
39811168
39811824
39813089
39815369
39817250
39817523
39818677
39820387
39820467
39823591
39828241
39828938
39837646
39839312
39839567
39840892
39841476
39842842
39844831
39845159
39847351
39847773
39847852
39854003
39855059
39862649
39869337
39874798
39879809
39882151
39892523
39899766
39901106
39902815
39906363
39914756
39922241
39925632
39933104
39936297
39945198
39951264
39951281
39951312
39951314
39952774
39955210
39964578
39965428
39966490
39971640
39975964
39976166
39976969
39978400
39978776
39982017
39982714
39982721
39982726
39983533
39984910
39986337
39990000
39991078
39992481
39992494
39992684
39993310
39994868
40012590
40014834
40015439
40021461
40023213
40024617
40029658
40033674
40035045
40037619
40038572
40040527
40040557
40042495
40047576
40051061
40053887
40063021
40068869
40071629
40072725
40073832
40080238
40085925
40086495
40090755
40111071
40118809
40119826
40122372
40125837
40125877
40136299
40136355
40147221
40147498
40152874
40153685
40158646
40163429
40164090
40167098
40167335
40167518
40170219
40172887
40172907
40178841
40184151
40185392
40189982
40197746
40198067
40201397
40205451
40206499
40213727
40215072
40219754
40227399
40227682
40233138
40234191
40235964
40243970
40245016
40249373
40249608
40249617
40255849
40262969
40266627
40267304
40272069
40272264
40272801
40274027
40279111
40279112
40290862
40293760
40296928
40298306
40298393
40298936
40304047
40305043
40310643
40310645
40314953
40316202
40319888
40325875
40328431
40334020
40336131
40336955
40338588
40339972
40340456
40343716
40344226
40344536
40348044
40355309
40355843
40358024
40359467
40373030
40376776
40376791
40378414
40385434
40389072
40390804
40401431
40408038
40411188
40411497
40413981
40416183
40416299
40425363
40434786
40435980
40436076
40436496
40439957
40445599
40449533
40450449
40451171
40454777
40454832
40459676
40459892
40461255
40462277
40466920
40468635
40470953
40471563
40471577
40473617
40476134
40478756
40482214
40482897
40484174
40486478
40487837
40489967
40491438
40491439
40498279
40504954
40506013
40514311
40514665
40521333
40521727
40523569
40528405
40528569
40528763
40529851
40530145
40531441
40532229
40537972
40539889
40542547
40543540
40543696
40543878
40545017
40548099
40549380
40549448
40549500
40550170
40555740
40560200
40560583
40560635
40560965
40569592
40571067
40571952
40576515
40577036
40578918
40579322
40587814
40592667
40596864
40608336
40611541
40614630
40626996
40629412
40630271
40633249
40633708
40633851
40636516
40643914
40643923
40654228
40660454
40674053
40677000
40678207
40679784
40679816
40679817
40680594
40680810
40681711
40683419
40686662
40689688
40690233
40696872
40698324
40702953
40704847
40704963
40711779
40711959
40720123
40720133
40721568
40721997
40726731
40730403
40731763
40734241
40736735
40739524
40743652
40748369
40748544
40748635
40748640
40749453
40750001
40751510
40753491
40767838
40767867
40770930
40772787
40774605
40779257
40779263
40779264
40783083
40784469
40785459
40788638
40806133
40809921
40811837
40825087
40828531
40828535
40828979
40833776
40834325
40834492
40838544
40840585
40841252
40843414
40844152
40844770
40846511
40849995
40850924
40854165
40859835
40860522
40864979
40876215
40878219
40878630
40879085
40879102
40879122
40879306
40880105
40881858
40884226
40885216
40895171
40897137
40897970
40902096
40902098
40905005
40905777
40906022
40911306
40911326
40912003
40912639
40912675
40914562
40915519
40915858
40919299
40921087
40923069
40923220
40923995
40927604
40928579
40934137
40938262
40938602
40946921
40947084
40953293
40955726
40960434
40971549
40971741
40976773
40982281
40982314
40984131
40987968
40994989
40997713
40997987
41000489
41001021
41004336
41006130
41019908
41032297
41032742
41037269
41038046
41040716
41040730
41042172
41042507
41058121
41060653
41061117
41061191
41066715
41067704
41071562
41072190
41075703
41079423
41079952
41080830
41082700
41082726
41085756
41086035
41090370
41090372
41091515
41098066
41099388
41104507
41105375
41106520
41106557
41106580
41106703
41107182
41108858
41110645
41111874
41127642
41129151
41139687
41143660
41165079
41170563
41173527
41178514
41179441
41192835
41195474
41196606
41210573
41212547
41220765
41222255
41229177
41229179
41230908
41231495
41231509
41234242
41238907
41242580
41242759
41259635
41262832
41264077
41268666
41269413
41270256
41277482
41289255
41296373
41299026
41301000
41305950
41308118
41308620
41310296
41330254
41330555
41337807
41342821
41343752
41349599
41358606
41363946
41368947
41375906
41379143
41380057
41381259
41385117
41388926
41396605
41400489
41400949
41400953
41416251
41419076
41422486
41430206
41432609
41439164
41439379
41439380
41442071
41444586
41444998
41448290
41448547
41458074
41461216
41467915
41468590
41474421
41475453
41480018
41481874
41490106
41493566
41502300
41503148
41505634
41526990
41527179
41528743
41529156
41532018
41533376
41533859
41538179
41547120
41548881
41551571
41552989
41553964
41562909
41563590
41574678
41579150
41587028
41589104
41589195
41595917
41605643
41611581
41619146
41619395
41631376
41632448
41634207
41636682
41636685
41638482
41641173
41644102
41645332
41649829
41653240
41661627
41671443
41673995
41675066
41675716
41678010
41684398
41686441
41706449
41707189
41708932
41711183
41713154
41717278
41723012
41727983
41732314
41733911
41737416
41739472
41740811
41746942
41755371
41756070
41759236
41761210
41763647
41767464
41770206
41773059
41778369
41779374
41779395
41784223
41784961
41784963
41785556
41788192
41790796
41794335
41794567
41794574
41801195
41804184
41805411
41811327
41813593
41816566
41817487
41819527
41823242
41823963
41827208
41827317
41827629
41831700
41833926
41835089
41838266
41842899
41848006
41849873
41850470
41853392
41854096
41854587
41856947
41857311
41857842
41865272
41870153
41874503
41874509
41875816
41879763
41888739
41893618
41894639
41899738
41905179
41905685
41908240
41910972
41915775
41919448
41921224
41924674
41928782
41931286
41935763
41941210
41943810
41944097
41944167
41944613
41945343
41949707
41952570
41954516
41966297
41969833
41973902
41974975
41978427
41979434
41980108
41981824
41989782
42000377
42003446
42004157
42005955
42008267
42014172
42015422
42018320
42018931
42019779
42023396
42027196
42030054
42036260
42039357
42043828
42046879
42049506
42050384
42054052
42054703
42060304
42061698
42064888
42065888
42069181
42084870
42085667
42086337
42095122
42095234
42096202
42096214
42099686
42104609
42113515
42130080
42132163
42140578
42143410
42154463
42158460
42159312
42160049
42163228
42166304
42172121
42173204
42173345
42175622
42178408
42191366
42201623
42201732
42206068
42206363
42215412
42216805
42218436
42223259
42223937
42224786
42224864
42227960
42228371
42229848
42241003
42247376
42250272
42256000
42256496
42258266
42258826
42268625
42271302
42273727
42275060
42278844
42281612
42283209
42283586
42283666
42284049
42284057
42285183
42295758
42295772
42299065
42299861
42301712
42306787
42310483
42313446
42313671
42314199
42316190
42320058
42326593
42328725
42331153
42331237
42333542
42335253
42337518
42341074
42343378
42355906
42360733
42362410
42373535
42376820
42380557
42384588
42389455
42391758
42391981
42398196
42406399
42406400
42412429
42412738
42426671
42426722
42428250
42434829
42437458
42440026
42440313
42440324
42446375
42465620
42467449
42474474
42476201
42485712
42491313
42500897
42505035
42513360
42517961
42522484
42525209
42525411
42536372
42536427
42539330
42540175
42546916
42550504
42550509
42550777
42551541
42554105
42560641
42561809
42562433
42564977
42565356
42566174
42568221
42570150
42571484
42572147
42573228
42573997
42576462
42577772
42578887
42580084
42583905
42585279
42585856
42588300
42590794
42591598
42592892
42594536
42595470
42599313
42606956
42611690
42615623
42616761
42622209
42623168
42626026
42627656
42633467
42634471
42637540
42638937
42639945
42640625
42640757
42644443
42648473
42648874
42658505
42659831
42662583
42663181
42663996
42671834
42671949
42677503
42678772
42690591
42691737
42696280
42696290
42697452
42698654
42702729
42713766
42714907
42718825
42726495
42734015
42738386
42743251
42743443
42748855
42749466
42750891
42753244
42756713
42756959
42757682
42759307
42762234
42762985
42765893
