319479
1420511
1420517
1932308
3280516
3540669
8117781
8322393
8478670
8610917
8927007
9735632
10391424
10537756
10615763
10662381
11334781
11390325
11407125
11440326
11454111
11481725
11921755
12028178
12028182
12056128
12107664
12406786
12418951
12716786
12730734
12890072
12917063
14587123
14599734
15160815
15274067
15352688
15647578
15700877
15711222
15742922
15782752
15837454
15840628
15852778
15906806
16258089
16273748
16287772
16315379
16398896
16431259
16432096
16432644
16475447
16506623
16548661
16795952
16897902
16897903
16898059
17351285
17411901
17420142
17470690
17594131
17621919
17645403
17701582
17706711
17712262
17888101
17890990
17931575
18021520
18061977
18166316
18198969
18301857
18302495
18409239
18504340
18584260
18754257
18845004
19016597
19020193
19072726
19156470
19184268
19186736
19203308
19289932
19365296
19470635
19606634
19640366
19657127
19673178
19682143
19911510
20144439
20217926
20226395
20234287
20397335
20402541
20425518
20428948
20444916
20480142
20608287
20637072
20670381
20812460
20889095
20936402
21087524
21107532
21165602
21170643
21204588
21374846
21402608
21412999
21459304
21755861
21852412
21893906
21914091
21954448
22001957
22069206
22128502
22128505
22159850
22371876
22397060
22535021
22556118
22592727
22730364
22735425
22776864
22851116
22865016
23065626
23100119
23184640
23208073
23222012
23222014
23229975
23331464
23461429
23466528
23488318
23496890
23530183
23558361
23569654
23585642
23670565
23715737
23748127
23953050
23964618
24066483
24139361
24190589
24219186
24347099
24383145
24383146
24429841
24433626
24438716
24443384
24535775
24570297
24721358
24725918
24736895
24745529
24784958
24828941
24828942
24846316
24876931
24899104
24938506
25068266
25240809
25275981
25288041
25298816
25494315
25524022
25547206
25655690
25656814
25708920
25745037
25913920
25948698
26025118
26059485
26070268
26085186
26151123
26161858
26308227
26435356
26485894
26598095
26659065
26659084
26717937
26791992
26869776
26911297
27033427
27112533
27255674
27358177
27407128
27447285
27475642
27578967
27580511
27836732
27864493
27876314
27882835
27894220
27919193
28017509
28052980
28060051
28074748
28125977
28230451
28243883
28267392
28315954
28345441
28374489
28379722
28457021
28536737
28541396
28650253
28825502
28947527
29021335
29099931
29177559
29180545
29319880
29380855
29452018
29452020
29527596
29547939
29564735
29637483
29869958
29939973
30022254
30058982
30080456
30156453
30169444
30175841
30232537
30248169
30289961
30347342
30398460
30399076
30456571
30479202
30497697
30531348
30575958
30779860
30790404
30920974
31090877
31181716
31185943
31236456
31269274
31302885
31311532
31352608
31380472
31417943
31580488
31711264
31768490
31773968
31838857
31932139
31985584
32001880
32051177
32062687
32113620
32181621
32335687
32337717
32345729
32352206
32515286
32520360
32536434
32573777
32594223
32696118
32707541
32777848
32815838
32907348
32919917
32972494
32997589
33148010
33196876
33221648
33234446
33236195
33250363
33263967
33272213
33285120
33321079
33378556
33404646
33411003
33411007
33420609
33444923
33484602
33495040
33506400
33576845
33603504
33622323
33703961
33710443
33951742
33997625
34020079
34053012
34176672
34315447
34343339
34480586
34490946
34529368
34545472
34570793
34655336
34734131
34842909
35068244
35086758
35262727
35363269
35435948
35524068
35687816
35705214
35752783
35788103
35972173
36122592
36155954
36168189
36206324
36274995
36331503
36414579
36475279
36529381
36555873
36610545
36649234
36707898
36729144
36730766
36791248
36905559
37088886
37208254
37233794
37285174
37567062
37605840
37620274
37678213
37681820
38069952
38190588
38241060
38323976
38396142
38434477
38446591
38753892
38809960
38922994
39080113
39233096
39348409
39425961
39570337
39571062
39680703
39754663
39811927
40040648
40044314
40127357
40169456
40409467
40451673
40511600
40617707
40763222
40884227
40906741
40920190
40981526
40983540
41013714
41042854
41111263
41134198
41143882
41152866
41367999
41379347
41410276
41439377
41467128
41499574
41685478
41700799
41795824
41884697
41886699
42131171
42136546
42298199
42362099
42424106
42632250
42760258
