319479
1420511
1420517
1932308
2661745
3131599
3280516
3540669
8010200
8117781
8322393
8478670
8927007
9735632
10149727
10179193
10180295
10345140
10548816
10565666
10593785
11176741
11244288
11390325
11440326
11454111
11481725
11532656
11555065
11585379
12028178
12056128
12107664
12181625
12406786
12418951
12469674
12500479
12619294
12716786
12730734
12890072
12917063
14587123
14599734
15124300
15274067
15315056
15647578
15742922
15837454
15883628
15942702
15962834
16091574
16258089
16287772
16315379
16398896
16432096
16432644
16551317
16765865
17171850
17176686
17351285
17352989
17391423
17392252
17411901
17420142
17594131
17604666
17621919
17645403
17701582
17706711
17710352
17712262
17712263
17888101
17890990
18021520
18061977
18166316
18301857
18302495
18504340
18564557
18584260
18758881
18789740
18837646
19016597
19072726
19105828
19107383
19156470
19184268
19189165
19203308
19333837
19365296
19470635
19640366
19657127
19682143
19703805
19954264
20217926
20402541
20425518
20428948
20444916
20480142
20482324
20530242
20637072
20670381
20798929
20843165
20889095
20936402
21029972
21107532
21165602
21170643
21204588
21312073
21312268
21374846
21402608
21412999
21616722
21787516
21914091
21954448
22084895
22147865
22159850
22190195
22328117
22329356
22371876
22535021
22556118
22730364
22735425
22776864
22851116
22966834
23065626
23074090
23100119
23184640
23208073
23222012
23222014
23281846
23331464
23466528
23496890
23558361
23670565
23715737
23718160
23748127
23850054
23857864
23873945
23953050
24043289
24072727
24141382
24146343
24190589
24219186
24258061
24347099
24429841
24433626
24438716
24443384
24535775
24570297
24684864
24721358
24725918
24736895
24784958
24809808
24828941
24828942
24837398
24846316
24876931
24899104
24938506
25028539
25068266
25240809
25275981
25330546
25349053
25494315
25497786
25524022
25547206
25558764
25565887
25567774
25655690
25656814
25660252
25700662
25708920
25745037
25913920
25989510
26059485
26070268
26085186
26151123
26161858
26286624
26308227
26308229
26562646
26604724
26659065
26670626
26717937
26720308
26911297
27033427
27112533
27131511
27358177
27390167
27407128
27447285
27475642
27548843
27576482
27578967
27679503
27696099
27790018
27836732
27864493
27876314
27884649
27919193
28017509
28052980
28065194
28074748
28217968
28229485
28243883
28255507
28260880
28267392
28315954
28345441
28374489
28536737
28541396
28566133
28647804
28650253
28697295
28778222
29082793
29083977
29099931
29177559
29180131
29273434
29282482
29319880
29380855
29527596
29547939
29564735
29630889
29631060
29637483
29656305
29869958
29939973
30022254
30058982
30166922
30169444
30175482
30232537
30248169
30289961
30394950
30399076
30456571
30497697
30575958
30779860
30790404
30821669
30920974
31090877
31170317
31181716
31269274
31352608
31380472
31417943
31580488
31667454
31683068
31711264
31714637
31768490
31773968
31779288
31782030
31838857
31932139
31985584
32062687
32173164
32181621
32291587
32335687
32337717
32345729
32436682
32437874
32501546
32520360
32573777
32594223
32656632
32696118
32707541
32709180
32748034
32777848
32815838
32907348
32997589
33148010
33152053
33196876
33236195
33263967
33272213
33273290
33285120
33321079
33404646
33411003
33411007
33420609
33484602
33495040
33576845
33603504
33622323
33643677
33710443
33997625
34020079
34053012
34095966
34229901
34343339
34480586
34490946
34505178
34545472
34554681
34570793
34597380
34655336
34734131
34799260
34806171
34816186
34842909
34982097
35086758
35262727
35363269
35524068
35687816
35697870
35705214
35728830
35752783
35854163
36168189
36227851
36274995
36331503
36414579
36475279
36529381
36555873
36610545
36649234
36707898
36729144
36730766
36753557
36791248
36905559
37088886
37208254
37233794
37271183
37365418
37394794
37399633
37567062
37605840
37620274
37678213
37684548
37935313
38035325
38069952
38128449
38190588
38241060
38274901
38323976
38343153
38396142
38446591
38459983
38581037
38753892
38809960
38922994
39003108
39080113
39233096
39261304
39303221
39348409
39425961
39556837
39570337
39584187
39811927
39951281
39983533
40044314
40169456
40234191
40243970
40334020
40390804
40409467
40496405
40590901
40617707
40680081
40748369
40825087
40920190
40926183
40983540
41013714
41111263
41134198
41143882
41367999
41379347
41410276
41467915
41700799
41778369
41795824
41833926
41845203
42298199
42362099
42424106
42560542
42562433
42573228
42632250
42691737
42760258
