3067573
8610917
9444450
10172875
10297414
10391424
10537756
10615763
10662381
10718034
11025790
11334781
11407125
11725812
11921755
12028182
12186321
12866945
14723167
15160815
15164803
15352688
15540074
15542132
15586832
15611214
15672904
15700877
15711222
15782752
15840626
15840628
15852778
15906806
16162559
16230727
16273748
16431259
16475447
16506623
16548661
16795952
16897902
16897903
16898059
16903653
16910803
17138463
17470690
17591111
17931575
18044032
18180465
18198969
18319501
18409239
18464348
18488796
18490399
18661190
18754257
18794033
18845004
19020193
19125556
19186736
19289932
19584996
19606634
19670958
19673178
19747029
19911510
19947332
20014717
20144439
20226395
20234287
20397335
20608287
20653118
20812460
20846318
21087524
21157235
21459304
21469035
21527173
21545050
21755861
21825973
21852412
21893906
21894661
22001957
22069206
22128502
22128505
22145186
22270747
22397060
22454838
22563741
22592727
22865016
23177802
23229975
23461429
23488318
23530183
23537457
23569654
23585642
23836737
23964618
24066483
24139361
24383145
24383146
24564809
24745529
24830997
24902537
24969389
25092226
25112139
25126297
25194850
25288041
25298816
25948698
26025118
26341554
26435356
26485894
26598095
26659084
26791992
26869776
26953300
27185210
27255674
27579826
27580511
27882835
27894220
28027164
28060051
28125977
28230451
28379722
28453645
28457021
28743758
28825502
28947527
29021335
29180545
29340732
29452018
29452020
29694287
30015468
30080456
30156453
30175841
30347342
30398460
30479202
30531348
30724092
30830808
30986325
31025723
31185943
31236456
31271668
31302885
31311532
31651954
32001880
32051177
32113620
32181626
32352206
32515286
32536434
32738870
32919917
32972494
33221648
33233016
33234446
33250363
33255867
33378556
33414026
33444923
33506400
33703961
33840424
33843592
33951742
34007601
34032130
34176672
34315447
34529368
35068244
35330421
35435948
35788103
35837511
35972173
36122592
36155954
36206324
36308452
36350094
36441366
37285174
37681820
37727389
37778479
38244828
38432284
38434477
39432312
39571062
39680703
39680704
39754663
39772358
40040648
40127325
40127357
40233949
40451673
40511600
40608336
40623891
40763222
40884227
40906741
40981526
41042854
41152866
41178394
41284411
41439377
41467128
41499574
41572721
41685478
41884697
41886699
41972480
42043925
42131171
42136546
42253387
42339921
